31,65
31,64
31,35
31,34
31,33
31,32
31,31
31,30
31,29
31,28
31,27
31,26
31,25
31,24
31,23
31,22
31,21
31,20
31,19
31,18
31,17
31,16
31,15
31,14
31,13
31,12
31,11
31,10
96,35
31,9
31,8
31,7
31,6
31,5
31,1
31,4
31,3
3,2
3,1
3,3
10,139
10,67
10,93
10,151
10,261
10,181
10,251
10,1
10,241
10,2
10,3
11,23
11,13
11,25
11,5
11,29
11,1
11,21
11,2
11,3
9,7
9,1
9,5
9,2
9,3
8,16
8,14
8,18
8,4
8,12
8,15
8,1
8,6
8,2
8,3
12,2
12,1
12,3
20,2
20,1
20,3
19,2
19,1
19,3
18,1
18,3
14,1
14,3
13,1
95,3
13,3
95,2
95,1
95,0
67,3
67,2
67,1
67,0
64,3
64,2
64,1
64,0
62,3
2,2
62,2
62,1
2,1
62,0
39,3
2,3
39,2
39,1
